         1         5
         2         2
         3         1
         4         1
         5         8
         6         1
         7         5
         8         4
         9         1
        10         3
        11         4
        12         2
        13         3
        14         2
        15         2
        16         1
        17         0
        18         1
        19         1
        20         1
        21         1
        22         1
        23         0
        24         1
        25         0
        26         0
        27         1
