         1         8
         2         0
         3         0
         4         1
         5         5
         6         1
         7         0
         8         5
         9         4
        10         1
        11         3
        12         0
        13         2
        14         4
        15         4
        16         1
        17         2
        18         1
        19         3
        20         1
        21         0
        22         0
        23         1
        24         0
        25         0
        26         0
        27         0
        28         1
