         1         9
         2         1
         3         1
         4         4
         5         0
         6         5
         7         3
         8         1
         9         7
        10         2
        11         3
        12         4
        13         1
        14         3
        15         1
        16         4
        17         2
        18         0
        19         3
        20         0
        21         0
        22         0
        23         0
        24         0
        25         0
        26         0
        27         0
        28         0
        29         1
        30         0
        31         0
        32         0
        33         1
