         1         4
         2         1
         3         0
         4         0
         5         1
         6         4
         7         5
         8         7
         9         6
        10         5
        11         1
        12         1
        13         3
        14         2
        15         3
        16         2
        17         1
        18         0
        19         1
        20         2
        21         1
        22         1
        23         0
        24         1
