     1.000     6.100
     2.000     0.000
     3.000     0.200
     4.000     0.100
     5.000     0.700
     6.000     0.100
     7.000     0.300
     8.000     0.400
     9.000     0.500
    10.000     0.800
    11.000     0.500
    12.000     0.800
    13.000     0.300
    14.000     0.200
    15.000     0.500
    16.000     0.400
    17.000     0.600
    18.000     0.200
    19.000     0.600
    20.000     0.200
    21.000     0.900
    22.000     0.300
    23.000     0.200
    24.000     0.600
    25.000     0.700
    26.000     0.200
    27.000     0.200
    28.000     0.500
    29.000     0.100
    30.000     0.000
    31.000     0.300
    32.000     0.300
    33.000     0.300
    34.000     0.200
    35.000     0.200
    36.000     0.100
    37.000     0.400
    38.000     0.100
    39.000     0.100
    40.000     0.300
    41.000     0.500
    42.000     0.300
    43.000     0.400
    44.000     0.100
    45.000     0.400
    46.000     0.100
    47.000     0.000
    48.000     0.100
    49.000     0.100
    50.000     0.700
    51.000     0.100
    52.000     0.200
    53.000     0.400
    54.000     0.400
    55.000     0.200
    56.000     0.100
    57.000     0.300
    58.000     0.100
    59.000     0.100
    60.000     0.100
    61.000     0.300
    62.000     0.200
    63.000     0.100
    64.000     0.100
    65.000     0.000
    66.000     0.000
    67.000     0.200
    68.000     0.200
    69.000     0.200
    70.000     0.300
    71.000     0.000
    72.000     0.000
    73.000     0.100
    74.000     0.200
    75.000     0.100
    76.000     0.100
    77.000     0.000
    78.000     0.000
    79.000     0.000
    80.000     0.100
    81.000     0.100
    82.000     0.100
    83.000     0.000
    84.000     0.100
    85.000     0.000
    86.000     0.100
    87.000     0.000
    88.000     0.000
    89.000     0.000
    90.000     0.000
    91.000     0.000
    92.000     0.100
    93.000     0.000
    94.000     0.000
    95.000     0.000
    96.000     0.000
    97.000     0.000
    98.000     0.000
    99.000     0.000
   100.000     0.000
   101.000     0.100
   102.000     0.000
   103.000     0.000
   104.000     0.100
   105.000     0.000
   106.000     0.000
   107.000     0.000
   108.000     0.000
   109.000     0.000
   110.000     0.100
   111.000     0.000
   112.000     0.000
   113.000     0.000
   114.000     0.000
   115.000     0.000
   116.000     0.000
   117.000     0.000
   118.000     0.000
   119.000     0.000
   120.000     0.000
   121.000     0.000
   122.000     0.000
   123.000     0.100
