     1.000     5.000
     2.000     1.000
     3.000     1.100
     4.000     1.400
     5.000     2.600
     6.000     3.400
     7.000     4.200
     8.000     3.500
     9.000     2.300
    10.000     2.800
    11.000     3.100
    12.000     3.000
    13.000     3.000
    14.000     1.900
    15.000     1.400
    16.000     1.900
    17.000     2.100
    18.000     1.800
    19.000     1.400
    20.000     1.000
    21.000     0.400
    22.000     0.400
    23.000     0.200
    24.000     0.300
    25.000     0.300
    26.000     0.100
    27.000     0.100
    28.000     0.200
    29.000     0.100
    30.000     0.000
    31.000     0.100
    32.000     0.000
    33.000     0.100
    34.000     0.000
    35.000     0.000
    36.000     0.000
    37.000     0.000
    38.000     0.000
    39.000     0.000
    40.000     0.000
    41.000     0.000
    42.000     0.100
