         1         6
         2         1
         3         1
         4         1
         5         7
         6         1
         7         3
         8         1
         9         3
        10         5
        11         4
        12         4
        13         0
        14         2
        15         1
        16         1
        17         2
        18         1
        19         1
        20         2
        21         2
        22         0
        23         0
        24         0
        25         0
        26         0
        27         0
        28         0
        29         0
        30         0
        31         0
        32         0
        33         0
        34         1
