                   1                7687
                   2                7416
                   3                8999
                   4                9307
                   5              196225
                   6               40265
                   7              130835
                   8               42676
                   9               59415
                  10              347764
                  11              632300
                  12              272306
                  13             1348271
                  14              260592
                  15              275541
                  16              227955
                  17                9411
                  18              273804
                  19              535777
                  20               59734
                  21               41982
                  22               58956
                  23              112584
                  24               58768
                  25               42681
                  26              228947
                  27              279274
                  28              433507
                  29              736756
                  30                9232
                  31                9293
                  32                8651
                  33              835732
                  34              718614
                  35              645237
                  36              785410
                  37                6076
