                   1              165822
                   2              173509
                   3              180925
                   4              189924
                   5              199231
                   6              395456
                   7              435721
                   8              566556
                   9              609232
                  10              668647
                  11             1016411
                  12             1648711
                  13             1921017
                  14             3269288
                  15             3529880
                  16             3805421
                  17             4033376
                  18             4042787
                  19             4316591
                  20             4852368
                  21             4912102
                  22             4954084
                  23             5013040
                  24             5125624
                  25             5184392
                  26             5227073
                  27             5456020
                  28             5735294
                  29             6168801
                  30             6905557
                  31             6914789
                  32             6924082
                  33             6932733
                  34             7768465
                  35             8487079
                  36             9132316
                  37             9917726
                  38             9923802
