         1        10
         2         0
         3         1
         4         2
         5         2
         6         2
         7         5
         8         4
         9         4
        10         3
        11         0
        12         3
        13         4
        14         2
        15         2
        16         0
        17         1
        18         4
        19         2
        20         1
        21         1
        22         0
        23         0
        24         0
        25         0
        26         0
        27         0
        28         0
        29         0
        30         0
        31         0
        32         1
