                   1                 681
                   2              245231
                   3              256146
                   4              590999
                   5              885147
                   6             2864413
                   7             2913882
                   8             3182022
                   9             3523626
                  10             4190361
                  11             4873303
                  12             5221060
                  13             5648697
                  14             5988585
                  15             6512727
                  16             8329216
                  17             8677012
                  18             9998823
