                   1              244550
                   2               10915
                   3              334853
                   4              294148
                   5             1979266
                   6               49469
                   7              268140
                   8              341604
                   9              666735
                  10              682942
                  11              347757
                  12              427637
                  13              339888
                  14              524142
                  15             1816489
                  16              347796
                  17             1321811
