         1         5
         2         1
         3         0
         4         3
         5         1
         6         2
         7         5
         8         0
         9         4
        10         3
        11         5
        12         0
        13         3
        14         3
        15         2
        16         4
        17         2
        18         3
        19         0
        20         0
        21         1
        22         0
        23         0
        24         0
        25         0
        26         0
        27         0
        28         0
        29         0
        30         0
        31         0
        32         0
        33         0
        34         1
