     1.000     1.600
     2.000     0.000
     3.000     0.100
     4.000     0.000
     5.000     0.000
     6.000     0.000
     7.000     0.000
     8.000     0.400
     9.000     0.200
    10.000     0.000
    11.000     0.000
    12.000     0.000
    13.000     0.300
    14.000     0.100
    15.000     0.000
    16.000     0.200
    17.000     0.300
    18.000     0.300
    19.000     0.000
    20.000     0.200
    21.000     0.200
    22.000     0.400
    23.000     0.300
    24.000     0.200
    25.000     0.100
    26.000     0.000
    27.000     0.700
    28.000     0.200
    29.000     0.600
    30.000     0.200
    31.000     0.100
    32.000     0.300
    33.000     0.100
    34.000     0.000
    35.000     0.100
    36.000     0.000
    37.000     0.200
    38.000     0.400
    39.000     0.500
    40.000     0.800
    41.000     0.300
    42.000     0.200
    43.000     0.500
    44.000     0.000
    45.000     0.100
    46.000     0.100
    47.000     0.200
    48.000     0.400
    49.000     0.100
    50.000     0.400
    51.000     0.200
    52.000     0.300
    53.000     0.000
    54.000     0.400
    55.000     0.200
    56.000     0.100
    57.000     0.200
    58.000     0.100
    59.000     0.000
    60.000     0.000
    61.000     0.100
    62.000     0.100
    63.000     0.000
    64.000     0.100
    65.000     0.200
    66.000     0.200
    67.000     0.000
    68.000     0.100
    69.000     0.100
    70.000     0.100
    71.000     0.100
    72.000     0.100
    73.000     0.000
    74.000     0.000
    75.000     0.000
    76.000     0.000
    77.000     0.100
    78.000     0.000
    79.000     0.100
    80.000     0.100
    81.000     0.000
    82.000     0.000
    83.000     0.000
    84.000     0.100
    85.000     0.000
    86.000     0.000
    87.000     0.100
    88.000     0.000
    89.000     0.000
    90.000     0.000
    91.000     0.000
    92.000     0.000
    93.000     0.000
    94.000     0.000
    95.000     0.000
    96.000     0.000
    97.000     0.000
    98.000     0.000
    99.000     0.000
   100.000     0.000
   101.000     0.000
   102.000     0.000
   103.000     0.000
   104.000     0.000
   105.000     0.000
   106.000     0.000
   107.000     0.100
