     1.000   214.400
     2.000    67.500
     3.000    32.000
     4.000    16.000
     5.000    10.600
     6.000     5.000
     7.000     2.700
     8.000     2.600
     9.000     2.300
    10.000     1.400
    11.000     1.300
    12.000     0.900
    13.000     1.300
    14.000     0.700
    15.000     0.000
    16.000     0.000
    17.000     0.200
    18.000     0.100
    19.000     0.100
    20.000     0.200
    21.000     0.100
    22.000     0.000
    23.000     0.000
    24.000     0.100
    25.000     0.000
    26.000     0.000
    27.000     0.000
    28.000     0.000
    29.000     0.000
    30.000     0.100
