         1         2
         2         0
         3         3
         4         0
         5         3
         6         4
         7         6
         8         5
         9         2
        10         4
        11         6
        12         4
        13         2
        14         5
        15         1
        16         2
        17         0
        18         0
        19         1
        20         1
        21         0
        22         0
        23         1
        24         1
