         1         6
         2         0
         3         0
         4         3
         5         3
         6         2
         7         1
         8         4
         9         7
        10         2
        11         5
        12         6
        13         1
        14         3
        15         2
        16         1
        17         1
        18         1
        19         4
        20         1
        21         0
        22         0
        23         0
        24         1
