                   1                 639
                   2                 802
                   3                 839
                   4                 998
                   5                1000
                   6                1016
                   7                1506
                   8                1995
                   9                2090
                  10                2104
                  11                2112
                  12                2226
                  13                2590
                  14                2758
                  15                3286
                  16                3405
                  17                3406
                  18                3409
                  19                3540
                  20                3823
                  21                3985
                  22                4092
                  23                4128
                  24                4226
                  25                4450
                  26                4625
                  27                4771
                  28                4776
                  29                4781
                  30                4895
                  31                5142
                  32                5315
                  33                6186
                  34                6755
                  35                6799
                  36                6812
                  37                7377
                  38                7571
                  39                7707
                  40                7716
                  41                8550
                  42               11717
                  43               13240
                  44               18773
                  45               24487
                  46               25680
                  47               25681
                  48               25833
                  49               30222
                  50               34804
                  51               35778
                  52               41054
                  53               42413
                  54               42999
                  55               43043
                  56               46069
                  57               52004
                  58               52905
                  59               52914
                  60               52963
                  61               57319
                  62               58227
                  63               58346
                  64               58420
                  65               64486
                  66               65378
                  67               65877
                  68               69548
                  69               70568
                  70               71019
                  71               75427
                  72               76928
                  73               77851
                  74               78024
                  75               78123
                  76               81339
                  77               82205
                  78               82261
                  79               87471
                  80               88467
                  81               89279
                  82               89497
                  83               89542
                  84               90725
                  85               92413
                  86               93877
                  87               97823
                  88               98934
                  89               99687
                  90               99751
                  91               99906
                  92               99959
