                   1                 163
                   2                  37
                   3                 159
                   4                   2
                   5                  16
                   6                 490
                   7                 489
                   8                  95
                   9                  14
                  10                   8
                  11                 114
                  12                 364
                  13                 168
                  14                 528
                  15                 119
                  16                   1
                  17                   3
                  18                 131
                  19                 283
                  20                 162
                  21                 107
                  22                  36
                  23                  98
                  24                 224
                  25                 175
                  26                 146
                  27                   5
                  28                   5
                  29                 114
                  30                 247
                  31                 173
                  32                 871
                  33                 569
                  34                  44
                  35                  13
                  36                 565
                  37                 194
                  38                 136
                  39                   9
                  40                 834
                  41                3167
                  42                1523
                  43                5533
                  44                5714
                  45                1193
                  46                   1
                  47                 152
                  48                4389
                  49                4582
                  50                 974
                  51                5276
                  52                1359
                  53                 586
                  54                  44
                  55                3026
                  56                5935
                  57                 901
                  58                   9
                  59                  49
                  60                4356
                  61                 908
                  62                 119
                  63                  74
                  64                6066
                  65                 892
                  66                 499
                  67                3671
                  68                1020
                  69                 451
                  70                4408
                  71                1501
                  72                 923
                  73                 173
                  74                  99
                  75                3216
                  76                 866
                  77                  56
                  78                5210
                  79                 996
                  80                 812
                  81                 218
                  82                  45
                  83                1183
                  84                1688
                  85                1464
                  86                3946
                  87                1111
                  88                 753
                  89                  64
                  90                 155
                  91                  53
