         1        18
         2         5
         3         5
         4        12
         5         6
         6         5
         7         2
         8         3
         9         8
        10         6
        11         5
        12         3
        13         3
        14         2
        15         7
        16         0
        17         1
        18         1
        19         0
        20         0
        21         1
        22         0
        23         1
        24         0
        25         0
        26         0
        27         0
        28         0
        29         0
        30         0
        31         0
        32         0
        33         0
        34         1
