         1       240
         2        65
         3        29
         4        16
         5         7
         6         6
         7         2
         8         5
         9         3
        10         0
        11         0
        12         1
        13         1
        14         0
        15         0
        16         0
        17         1
        18         0
        19         0
        20         0
        21         0
        22         0
        23         0
        24         0
        25         0
        26         0
        27         0
        28         0
        29         0
        30         0
        31         0
        32         0
        33         0
        34         0
        35         0
        36         0
        37         0
        38         1
