         1         3
         2         0
         3         0
         4         1
         5         0
         6         0
         7         3
         8         1
         9         3
        10         1
        11         3
        12         1
        13         0
        14         2
        15         0
        16         1
        17         2
        18         1
        19         2
        20         0
        21         5
        22         0
        23         0
        24         1
        25         1
        26         0
        27         0
        28         1
        29         1
        30         0
        31         0
        32         0
        33         0
        34         0
        35         0
        36         0
        37         1
