         1         0
         4        16
         7        15
        10        13
        13        14
        16        14
        19        15
        22        14
        25        22
        28        21
        31        20
        34        22
        37        27
        40        27
        43        28
        46        28
        49        28
        52        27
        55        25
        58        24
        61        28
        64        26
        67        27
        70        28
        73        27
        76        26
        79        26
