         1         0
         4        83
         7        72
        10        68
        13        67
        16        65
        19        65
        22        63
        25        61
        28        57
        31        54
        34        52
        37        45
        40        46
        43        44
        46        46
        49        43
        52        41
        55        41
        58        39
        61        36
        64        37
        67        37
        70        36
        73        36
        76        37
        79        36
