         1         0
         4         8
         7         5
        10         7
        13         8
        16         6
        19         9
        22         4
        25         9
        28         8
        31         8
        34        13
        37         3
        40         6
        43         5
        46         6
        49        10
        52         7
        55         6
        58         7
        61         3
        64         5
        67         7
        70         4
        73         6
        76         5
        79         5
