         1        13
         2         1
         3         5
         4         9
         5         6
         6         7
         7        10
         8         5
         9         1
        10         3
        11         3
        12         3
        13         4
        14         1
        15         2
        16         6
        17         1
        18         2
        19         1
        20         1
        21         1
        22         0
        23         0
        24         0
        25         1
        26         3
