         1         6
         2         1
         3         1
         4         1
         5         1
         6         0
         7         4
         8         8
         9         1
        10         1
        11         7
        12         4
        13         1
        14         1
        15         3
        16         2
        17         0
        18         1
        19         2
        20         0
        21         0
        22         0
        23         0
        24         1
        25         0
        26         0
        27         0
        28         0
        29         1
        30         0
        31         1
