     1.000    44.000
     2.000     5.500
     3.000     3.000
     4.000     0.500
     5.000     1.000
     6.000     0.000
     7.000     0.500
     8.000     1.000
     9.000     1.000
    10.000     0.500
    11.000     0.500
    12.000     0.000
    13.000     0.000
    14.000     0.000
    15.000     1.000
    16.000     0.000
    17.000     0.000
    18.000     1.000
    19.000     1.000
    20.000     0.000
    21.000     0.000
    22.000     0.000
    23.000     0.000
    24.000     0.000
    25.000     0.000
    26.000     1.000
