         1         6
         2         0
         3         1
         4         5
         5         2
         6         1
         7         3
         8         2
         9         3
        10         2
        11         6
        12         4
        13         4
        14         2
        15         4
        16         1
        17         2
        18         2
        19         0
        20         3
        21         0
        22         0
        23         0
        24         0
        25         0
        26         1
        27         0
        28         0
        29         1
