         1         0
         4        23
         7        24
        10        26
        13        26
        16        25
        19        27
        22        26
        25        28
        28        28
        31        28
        34        27
        37        29
        40        27
        43        28
        46        29
        49        29
        52        30
        55        30
        58        30
        61        32
        64        32
        67        32
        70        32
