         1         0
         4         7
         7        11
        10         4
        13         2
        16         7
        19        12
        22         3
        25         9
        28         5
        31         7
        34         4
        37        11
        40        12
        43         5
        46         9
        49         6
        52         4
        55         3
        58         5
        61        11
        64         6
        67         3
        70         3
