         1         0
         4        83
         7        69
        10        63
        13        60
        16        58
        19        57
        22        52
        25        49
        28        47
        31        48
        34        42
        37        39
        40        39
        43        39
        46        39
        49        39
        52        38
        55        36
        58        35
        61        35
        64        34
        67        34
        70        35
