         1        10
         2         1
         3         3
         4         7
         5         7
         6        11
         7         4
         8         3
         9         7
        10         9
        11         2
        12         7
        13         1
        14         2
        15         4
        16         2
        17         1
        18         0
        19         0
        20         2
        21         2
        22         1
        23         2
        24         1
        25         0
        26         1
        27         1
        28         0
        29         0
        30         0
        31         0
        32         1
