     1.000    51.600
     2.000     7.200
     3.000     1.300
     4.000     0.400
     5.000     0.200
     6.000     0.100
     7.000     0.100
     8.000     0.000
     9.000     0.000
    10.000     0.000
    11.000     0.000
    12.000     0.000
    13.000     0.000
    14.000     0.000
    15.000     0.000
    16.000     0.200
    17.000     0.100
    18.000     0.000
    19.000     0.000
    20.000     0.000
    21.000     0.100
    22.000     0.000
    23.000     0.000
    24.000     0.000
    25.000     0.000
    26.000     0.000
    27.000     0.100
    28.000     0.000
    29.000     0.000
    30.000     0.000
    31.000     0.000
    32.000     0.000
    33.000     0.100
    34.000     0.000
    35.000     0.100
    36.000     0.000
    37.000     0.100
    38.000     0.000
    39.000     0.000
    40.000     0.000
    41.000     0.000
    42.000     0.100
    43.000     0.000
    44.000     0.000
    45.000     0.200
    46.000     0.100
    47.000     0.000
    48.000     0.000
    49.000     0.000
    50.000     0.200
    51.000     0.100
    52.000     0.000
    53.000     0.000
    54.000     0.100
    55.000     0.000
    56.000     0.200
    57.000     0.100
    58.000     0.000
    59.000     0.100
    60.000     0.000
    61.000     0.000
    62.000     0.200
    63.000     0.000
    64.000     0.200
    65.000     0.000
    66.000     0.000
    67.000     0.100
    68.000     0.100
    69.000     0.100
    70.000     0.000
    71.000     0.000
    72.000     0.100
    73.000     0.000
    74.000     0.000
    75.000     0.000
    76.000     0.000
    77.000     0.000
    78.000     0.000
    79.000     0.000
    80.000     0.000
    81.000     0.000
    82.000     0.300
    83.000     0.000
    84.000     0.000
    85.000     0.100
    86.000     0.300
    87.000     0.000
    88.000     0.000
    89.000     0.000
    90.000     0.000
    91.000     0.000
    92.000     0.200
    93.000     0.100
    94.000     0.100
    95.000     0.200
    96.000     0.000
    97.000     0.100
    98.000     0.000
    99.000     0.000
   100.000     0.100
   101.000     0.000
   102.000     0.100
   103.000     0.100
   104.000     0.000
   105.000     0.000
   106.000     0.000
   107.000     0.000
   108.000     0.000
   109.000     0.100
   110.000     0.100
   111.000     0.100
   112.000     0.000
   113.000     0.100
   114.000     0.200
   115.000     0.100
   116.000     0.000
   117.000     0.000
   118.000     0.100
   119.000     0.000
   120.000     0.000
   121.000     0.000
   122.000     0.000
   123.000     0.000
   124.000     0.000
   125.000     0.100
   126.000     0.000
   127.000     0.000
   128.000     0.100
   129.000     0.100
   130.000     0.200
   131.000     0.000
   132.000     0.200
   133.000     0.000
   134.000     0.000
   135.000     0.000
   136.000     0.000
   137.000     0.100
   138.000     0.000
   139.000     0.000
   140.000     0.000
   141.000     0.000
   142.000     0.000
   143.000     0.100
   144.000     0.100
   145.000     0.100
   146.000     0.000
   147.000     0.000
   148.000     0.000
   149.000     0.000
   150.000     0.000
   151.000     0.000
   152.000     0.000
   153.000     0.000
   154.000     0.000
   155.000     0.000
   156.000     0.000
   157.000     0.000
   158.000     0.000
   159.000     0.000
   160.000     0.000
   161.000     0.000
   162.000     0.000
   163.000     0.000
   164.000     0.000
   165.000     0.000
   166.000     0.000
   167.000     0.000
   168.000     0.000
   169.000     0.000
   170.000     0.000
   171.000     0.100
   172.000     0.100
   173.000     0.000
   174.000     0.100
   175.000     0.000
   176.000     0.000
   177.000     0.000
   178.000     0.000
   179.000     0.000
   180.000     0.100
   181.000     0.000
   182.000     0.000
   183.000     0.000
   184.000     0.100
   185.000     0.000
   186.000     0.000
   187.000     0.000
   188.000     0.000
   189.000     0.100
   190.000     0.000
   191.000     0.100
