         1         8
         2         1
         3         1
         4         1
         5         3
         6         5
         7         4
         8         2
         9         1
        10         3
        11         5
        12         3
        13         3
        14         1
        15         4
        16         1
        17         1
        18         0
        19         2
        20         0
        21         0
        22         0
        23         0
        24         0
        25         1
        26         1
        27         0
        28         0
        29         1
