         1         0
         4       107
         7       145
        10       166
        13       258
        16       297
        19       310
        22       345
        25       357
        28       376
        31       395
        34       416
        37       490
        40       494
        43       496
        46       492
        49       495
        52       496
        55       499
        58       498
        61       495
        64       493
        67       493
        70       498
        73       492
        76       492
