         1         0
         4         6
         7        11
        10         9
        13         6
        16         6
        19        10
        22         5
        25         7
        28         8
        31         3
        34         4
        37         8
        40         6
        43         4
        46         8
        49         5
        52         4
        55         1
        58         2
        61         5
        64         2
        67         7
        70         2
        73         6
        76         6
