         1         0
         4         6
         7         5
        10         5
        13         3
        16         3
        19         3
        22         3
        25         2
        28         3
        31         2
        34         2
        37         2
        40         1
        43         1
        46         1
        49         1
        52         1
        55         1
        58         1
        61         1
        64         2
        67         1
        70         1
        73         2
        76         2
