         1         6
         2         1
         3         2
         4         2
         5         3
         6         3
         7         1
         8         7
         9         4
        10         2
        11         2
        12         4
        13         5
        14         0
        15         1
        16         1
        17         0
        18         4
        19         1
        20         1
        21         1
        22         0
        23         0
        24         0
        25         0
        26         0
        27         0
        28         1
