         1         4
         2         1
         3         1
         4         0
         5         2
         6         3
         7         3
         8         6
         9         5
        10         3
        11         2
        12         2
        13         2
        14         4
        15         3
        16         2
        17         1
        18         0
        19         0
        20         1
        21         3
        22         0
        23         0
        24         0
        25         0
        26         0
        27         1
        28         1
        29         0
        30         0
        31         0
        32         1
