         1         5
         2         0
         3         1
         4         3
         5         1
         6         2
         7         1
         8         4
         9         2
        10         5
        11         3
        12         3
        13         3
        14         3
        15         1
        16         3
        17         3
        18         1
        19         0
        20         1
        21         1
        22         1
        23         0
        24         1
