         1         5
         2         0
         3         0
         4         5
         5         2
         6         3
         7         3
         8         3
         9         2
        10         2
        11         3
        12         5
        13         2
        14         3
        15         3
        16         4
        17         1
        18         0
        19         0
        20         0
        21         0
        22         1
        23         0
        24         0
        25         1
        26         0
        27         0
        28         0
        29         0
        30         1
