         1         5
         2         1
         3         2
         4         2
         5         3
         6         5
         7         3
         8         1
         9         4
        10         3
        11         3
        12         3
        13         1
        14         2
        15         1
        16         1
        17         2
        18         2
        19         2
        20         2
        21         0
        22         0
        23         1
        24         1
        25         1
