     1.000    23.400
     2.000     1.700
     3.000     0.100
     4.000     0.000
     5.000     0.000
     6.000     0.000
     7.000     0.000
     8.000     0.000
     9.000     0.000
    10.000     0.000
    11.000     0.000
    12.000     0.100
    13.000     0.100
    14.000     0.100
    15.000     0.100
    16.000     0.100
    17.000     0.300
    18.000     0.000
    19.000     0.000
    20.000     0.200
    21.000     0.100
    22.000     0.100
    23.000     0.000
    24.000     0.000
    25.000     0.200
    26.000     0.000
    27.000     0.000
    28.000     0.100
    29.000     0.300
    30.000     0.400
    31.000     0.000
    32.000     0.300
    33.000     0.100
    34.000     0.100
    35.000     0.200
    36.000     0.200
    37.000     0.600
    38.000     0.400
    39.000     0.100
    40.000     0.000
    41.000     0.200
    42.000     0.000
    43.000     0.000
    44.000     0.100
    45.000     0.200
    46.000     0.100
    47.000     0.200
    48.000     0.400
    49.000     0.200
    50.000     0.100
    51.000     0.100
    52.000     0.100
    53.000     0.200
    54.000     0.000
    55.000     0.400
    56.000     0.000
    57.000     0.300
    58.000     0.100
    59.000     0.200
    60.000     0.200
    61.000     0.100
    62.000     0.000
    63.000     0.000
    64.000     0.100
    65.000     0.100
    66.000     0.100
    67.000     0.100
    68.000     0.000
    69.000     0.300
    70.000     0.100
    71.000     0.000
    72.000     0.000
    73.000     0.000
    74.000     0.000
    75.000     0.200
    76.000     0.400
    77.000     0.100
    78.000     0.000
    79.000     0.100
    80.000     0.100
    81.000     0.100
    82.000     0.000
    83.000     0.100
    84.000     0.100
    85.000     0.100
    86.000     0.000
    87.000     0.200
    88.000     0.100
    89.000     0.100
    90.000     0.100
    91.000     0.100
    92.000     0.000
    93.000     0.200
    94.000     0.000
    95.000     0.000
    96.000     0.000
    97.000     0.100
    98.000     0.000
    99.000     0.100
   100.000     0.000
   101.000     0.000
   102.000     0.100
   103.000     0.100
   104.000     0.200
   105.000     0.000
   106.000     0.000
   107.000     0.000
   108.000     0.200
   109.000     0.000
   110.000     0.000
   111.000     0.000
   112.000     0.100
   113.000     0.000
   114.000     0.100
   115.000     0.000
   116.000     0.000
   117.000     0.000
   118.000     0.000
   119.000     0.000
   120.000     0.000
   121.000     0.000
   122.000     0.000
   123.000     0.000
   124.000     0.000
   125.000     0.000
   126.000     0.000
   127.000     0.000
   128.000     0.000
   129.000     0.000
   130.000     0.000
   131.000     0.000
   132.000     0.000
   133.000     0.000
   134.000     0.100
   135.000     0.000
   136.000     0.000
   137.000     0.100
   138.000     0.000
   139.000     0.100
   140.000     0.000
   141.000     0.000
   142.000     0.000
   143.000     0.000
   144.000     0.000
   145.000     0.100
   146.000     0.000
   147.000     0.000
   148.000     0.000
   149.000     0.000
   150.000     0.100
   151.000     0.100
