         1        11
         2         1
         3         0
         4         4
         5         1
         6         3
         7         5
         8         3
         9         3
        10         5
        11         2
        12         1
        13         4
        14         1
        15         1
        16         2
        17         2
        18         2
        19         0
        20         0
        21         1
        22         0
        23         0
        24         2
        25         0
        26         1
