         1         0
         4        17
         7        17
        10        18
        13        17
        16        18
        19        20
        22        19
        25        20
        28        21
        31        23
        34        24
        37        23
        40        24
        43        25
        46        26
        49        32
        52        31
        55        32
        58        33
        61        33
        64        34
        67        36
        70        35
        73        35
