         1         0
         4        89
         7        76
        10        68
        13        61
        16        60
        19        55
        22        50
        25        49
        28        45
        31        46
        34        45
        37        43
        40        42
        43        40
        46        38
        49        36
        52        36
        55        34
        58        35
        61        34
        64        34
        67        34
        70        35
        73        35
