         1         0
         4         7
         7         7
        10        10
        13         5
        16         5
        19         7
        22         6
        25         3
        28         4
        31         8
        34         7
        37         8
        40         6
        43         8
        46         7
        49         3
        52        11
        55         5
        58         7
        61         3
        64         4
        67         4
        70         3
        73         3
