         1        10
         2         3
         3         3
         4         7
         5         6
         6         0
         7         5
         8         3
         9         6
        10         8
        11         8
        12         4
        13         3
        14         2
        15         0
        16         2
        17         5
        18         2
        19         3
        20         0
        21         4
        22         1
        23         2
        24         0
        25         1
        26         0
        27         0
        28         0
        29         0
        30         0
        31         0
        32         0
        33         0
        34         0
        35         1
