         1        13
         2         3
         3         3
         4         8
         5         9
         6         7
         7         8
         8         5
         9         8
        10         3
        11         5
        12         5
        13         2
        14         2
        15         3
        16         2
        17         3
        18         1
        19         1
        20         0
        21         0
        22         1
        23         0
        24         1
