         1         6
         2         0
         3         2
         4         1
         5         2
         6         0
         7         4
         8         2
         9         3
        10         3
        11         9
        12         3
        13         4
        14         3
        15         0
        16         0
        17         2
        18         1
        19         0
        20         0
        21         1
        22         1
        23         0
        24         1
        25         1
