         1         7
         2         0
         3         4
         4         9
         5         8
         6         3
         7         5
         8         4
         9         7
        10         8
        11         2
        12         2
        13         3
        14         1
        15         1
        16         0
        17         1
        18         0
        19         0
        20         0
        21         1
        22         0
        23         0
        24         0
        25         1
