     1.000    51.500
     2.000     3.100
     3.000     0.500
     4.000     0.000
     5.000     0.000
     6.000     0.000
     7.000     0.000
     8.000     0.000
     9.000     0.000
    10.000     0.000
    11.000     0.000
    12.000     0.000
    13.000     0.000
    14.000     0.000
    15.000     0.100
    16.000     0.000
    17.000     0.100
    18.000     0.000
    19.000     0.000
    20.000     0.000
    21.000     0.000
    22.000     0.100
    23.000     0.000
    24.000     0.000
    25.000     0.000
    26.000     0.000
    27.000     0.100
    28.000     0.000
    29.000     0.000
    30.000     0.100
    31.000     0.000
    32.000     0.000
    33.000     0.000
    34.000     0.100
    35.000     0.300
    36.000     0.100
    37.000     0.000
    38.000     0.000
    39.000     0.000
    40.000     0.100
    41.000     0.000
    42.000     0.000
    43.000     0.000
    44.000     0.000
    45.000     0.100
    46.000     0.000
    47.000     0.100
    48.000     0.200
    49.000     0.100
    50.000     0.000
    51.000     0.000
    52.000     0.100
    53.000     0.100
    54.000     0.000
    55.000     0.000
    56.000     0.000
    57.000     0.100
    58.000     0.200
    59.000     0.000
    60.000     0.000
    61.000     0.100
    62.000     0.100
    63.000     0.000
    64.000     0.100
    65.000     0.200
    66.000     0.100
    67.000     0.300
    68.000     0.000
    69.000     0.000
    70.000     0.000
    71.000     0.100
    72.000     0.100
    73.000     0.300
    74.000     0.000
    75.000     0.100
    76.000     0.000
    77.000     0.000
    78.000     0.100
    79.000     0.000
    80.000     0.000
    81.000     0.000
    82.000     0.000
    83.000     0.300
    84.000     0.100
    85.000     0.000
    86.000     0.000
    87.000     0.100
    88.000     0.000
    89.000     0.100
    90.000     0.000
    91.000     0.000
    92.000     0.000
    93.000     0.000
    94.000     0.000
    95.000     0.000
    96.000     0.000
    97.000     0.000
    98.000     0.000
    99.000     0.000
   100.000     0.200
   101.000     0.100
   102.000     0.000
   103.000     0.000
   104.000     0.100
   105.000     0.000
   106.000     0.100
   107.000     0.200
   108.000     0.000
   109.000     0.100
   110.000     0.000
   111.000     0.200
   112.000     0.100
   113.000     0.100
   114.000     0.000
   115.000     0.000
   116.000     0.000
   117.000     0.100
   118.000     0.100
   119.000     0.000
   120.000     0.000
   121.000     0.000
   122.000     0.100
   123.000     0.100
   124.000     0.000
   125.000     0.000
   126.000     0.000
   127.000     0.000
   128.000     0.000
   129.000     0.100
   130.000     0.000
   131.000     0.000
   132.000     0.000
   133.000     0.100
   134.000     0.000
   135.000     0.000
   136.000     0.000
   137.000     0.000
   138.000     0.100
   139.000     0.100
   140.000     0.100
   141.000     0.000
   142.000     0.000
   143.000     0.000
   144.000     0.200
   145.000     0.000
   146.000     0.000
   147.000     0.100
   148.000     0.000
   149.000     0.000
   150.000     0.000
   151.000     0.100
   152.000     0.000
   153.000     0.100
   154.000     0.000
   155.000     0.000
   156.000     0.000
   157.000     0.000
   158.000     0.100
   159.000     0.000
   160.000     0.000
   161.000     0.000
   162.000     0.000
   163.000     0.000
   164.000     0.000
   165.000     0.100
   166.000     0.000
   167.000     0.000
   168.000     0.000
   169.000     0.000
   170.000     0.000
   171.000     0.000
   172.000     0.000
   173.000     0.000
   174.000     0.000
   175.000     0.000
   176.000     0.000
   177.000     0.000
   178.000     0.000
   179.000     0.000
   180.000     0.000
   181.000     0.000
   182.000     0.000
   183.000     0.000
   184.000     0.000
   185.000     0.000
   186.000     0.000
   187.000     0.000
   188.000     0.000
   189.000     0.000
   190.000     0.100
   191.000     0.000
   192.000     0.000
   193.000     0.100
   194.000     0.000
   195.000     0.000
   196.000     0.000
   197.000     0.000
   198.000     0.000
   199.000     0.000
   200.000     0.000
   201.000     0.000
   202.000     0.000
   203.000     0.000
   204.000     0.000
   205.000     0.100
   206.000     0.000
   207.000     0.000
   208.000     0.100
