         1         4
         2         0
         3         1
         4         3
         5         2
         6         1
         7         3
         8         5
         9         3
        10         5
        11         3
        12         3
        13         4
        14         2
        15         0
        16         1
        17         2
        18         2
        19         1
        20         2
        21         0
        22         0
        23         0
        24         1
        25         1
        26         0
        27         0
        28         1
