         1         6
         2         1
         3         0
         4         1
         5         2
         6         4
         7         4
         8         2
         9         6
        10         1
        11         4
        12         1
        13         3
        14         1
        15         1
        16         2
        17         2
        18         3
        19         3
        20         0
        21         0
        22         0
        23         0
        24         0
        25         0
        26         0
        27         1
        28         0
        29         1
