     1.000     7.500
     2.000     1.200
     3.000     0.700
     4.000     2.500
     5.000     1.200
     6.000     2.600
     7.000     3.200
     8.000     3.600
     9.000     3.400
    10.000     4.600
    11.000     3.100
    12.000     2.300
    13.000     3.400
    14.000     2.100
    15.000     1.800
    16.000     1.700
    17.000     1.500
    18.000     1.000
    19.000     1.500
    20.000     1.000
    21.000     0.300
    22.000     0.300
    23.000     0.400
    24.000     0.400
    25.000     0.200
    26.000     0.200
    27.000     0.100
    28.000     0.100
    29.000     0.100
    30.000     0.000
    31.000     0.100
    32.000     0.000
    33.000     0.000
    34.000     0.100
    35.000     0.100
