         1         6
         2         0
         3         1
         4         2
         5         2
         6         0
         7         5
         8         4
         9         6
        10         5
        11         5
        12         4
        13         6
        14         0
        15         1
        16         2
        17         2
        18         3
        19         0
        20         0
        21         0
        22         0
        23         0
        24         0
        25         0
        26         0
        27         1
