     1.000     3.100
     2.000     0.100
     3.000     0.000
     4.000     0.000
     5.000     0.000
     6.000     0.000
     7.000     0.000
     8.000     0.000
     9.000     0.000
    10.000     0.300
    11.000     0.000
    12.000     0.100
    13.000     0.000
    14.000     0.100
    15.000     0.100
    16.000     0.000
    17.000     0.000
    18.000     0.100
    19.000     0.100
    20.000     0.300
    21.000     0.200
    22.000     0.100
    23.000     0.200
    24.000     0.200
    25.000     0.200
    26.000     0.100
    27.000     0.100
    28.000     0.200
    29.000     0.100
    30.000     0.100
    31.000     0.100
    32.000     0.100
    33.000     0.300
    34.000     0.100
    35.000     0.000
    36.000     0.000
    37.000     0.300
    38.000     0.100
    39.000     0.200
    40.000     0.100
    41.000     0.000
    42.000     0.100
    43.000     0.200
    44.000     0.500
    45.000     0.000
    46.000     0.100
    47.000     0.400
    48.000     0.100
    49.000     0.100
    50.000     0.300
    51.000     0.100
    52.000     0.200
    53.000     0.200
    54.000     0.200
    55.000     0.100
    56.000     0.000
    57.000     0.000
    58.000     0.000
    59.000     0.200
    60.000     0.300
    61.000     0.100
    62.000     0.200
    63.000     0.100
    64.000     0.100
    65.000     0.100
    66.000     0.200
    67.000     0.000
    68.000     0.200
    69.000     0.100
    70.000     0.000
    71.000     0.100
    72.000     0.000
    73.000     0.000
    74.000     0.000
    75.000     0.000
    76.000     0.100
    77.000     0.000
    78.000     0.100
    79.000     0.100
    80.000     0.100
    81.000     0.000
    82.000     0.000
    83.000     0.000
    84.000     0.100
    85.000     0.000
    86.000     0.000
    87.000     0.000
    88.000     0.100
    89.000     0.100
    90.000     0.100
    91.000     0.000
    92.000     0.200
    93.000     0.000
    94.000     0.000
    95.000     0.000
    96.000     0.000
    97.000     0.200
    98.000     0.000
    99.000     0.100
   100.000     0.100
   101.000     0.000
   102.000     0.100
   103.000     0.000
   104.000     0.000
   105.000     0.000
   106.000     0.000
   107.000     0.000
   108.000     0.000
   109.000     0.000
   110.000     0.000
   111.000     0.000
   112.000     0.000
   113.000     0.100
   114.000     0.000
   115.000     0.100
   116.000     0.000
   117.000     0.000
   118.000     0.000
   119.000     0.000
   120.000     0.000
   121.000     0.100
