         1        17
         2         1
         3         4
         4         9
         5         9
         6         7
         7         7
         8         6
         9         2
        10         5
        11         3
        12         1
        13         4
        14         3
        15         2
        16         0
        17         1
        18         2
        19         1
        20         2
        21         1
        22         0
        23         1
        24         0
        25         0
        26         1
        27         0
        28         2
