         1         7
         2         1
         3         1
         4         3
         5         1
         6         3
         7         4
         8         5
         9         2
        10         6
        11         3
        12         1
        13         2
        14         2
        15         1
        16         0
        17         2
        18         2
        19         2
        20         2
        21         0
        22         0
        23         2
        24         0
        25         1
