         1         4
         2         2
         3         1
         4         1
         5         0
         6         2
         7         2
         8         4
         9         1
        10         3
        11         5
        12         4
        13         3
        14         2
        15         1
        16         0
        17         2
        18         2
        19         1
        20         1
        21         1
        22         0
        23         2
        24         0
        25         0
        26         0
        27         1
