     1.000     6.000
     2.000     1.100
     3.000     0.800
     4.000     2.500
     5.000     1.800
     6.000     2.300
     7.000     4.100
     8.000     2.400
     9.000     3.300
    10.000     3.400
    11.000     4.300
    12.000     4.600
    13.000     3.200
    14.000     1.900
    15.000     2.100
    16.000     1.800
    17.000     1.800
    18.000     1.300
    19.000     0.800
    20.000     0.900
    21.000     0.400
    22.000     0.200
    23.000     0.500
    24.000     0.200
    25.000     0.100
    26.000     0.200
    27.000     0.200
    28.000     0.000
    29.000     0.200
    30.000     0.100
    31.000     0.000
    32.000     0.000
    33.000     0.200
    34.000     0.000
    35.000     0.000
    36.000     0.000
    37.000     0.100
    38.000     0.000
    39.000     0.000
    40.000     0.000
    41.000     0.100
