     1.000   221.300
     2.000    77.500
     3.000    29.700
     4.000    15.400
     5.000     8.400
     6.000     6.400
     7.000     3.200
     8.000     2.600
     9.000     1.900
    10.000     1.100
    11.000     0.500
    12.000     0.600
    13.000     0.500
    14.000     1.000
    15.000     0.300
    16.000     0.200
    17.000     0.100
    18.000     0.200
    19.000     0.100
    20.000     0.200
    21.000     0.100
    22.000     0.000
    23.000     0.000
    24.000     0.000
    25.000     0.000
    26.000     0.000
    27.000     0.100
    28.000     0.000
    29.000     0.000
    30.000     0.100
