         1         3
         2         1
         3         1
         4         1
         5         1
         6         2
         7         8
         8         1
         9         3
        10         5
        11         2
        12         3
        13         1
        14         2
        15         2
        16         2
        17         2
        18         1
        19         2
        20         0
        21         0
        22         0
        23         1
        24         0
        25         0
        26         1
        27         0
        28         0
        29         0
        30         1
