         1        11
         2         0
         3         7
         4        13
         5         6
         6         4
         7         4
         8         6
         9         6
        10         7
        11         8
        12         6
        13         2
        14         3
        15         0
        16         2
        17         4
        18         1
        19         0
        20         1
        21         0
        22         0
        23         2
        24         1
        25         0
        26         0
        27         1
        28         1
