     1.000     2.900
     2.000     0.100
     3.000     0.000
     4.000     0.000
     5.000     0.000
     6.000     0.000
     7.000     0.000
     8.000     0.000
     9.000     0.000
    10.000     0.000
    11.000     0.100
    12.000     0.100
    13.000     0.100
    14.000     0.000
    15.000     0.000
    16.000     0.100
    17.000     0.400
    18.000     0.000
    19.000     0.100
    20.000     0.000
    21.000     0.100
    22.000     0.000
    23.000     0.100
    24.000     0.000
    25.000     0.100
    26.000     0.000
    27.000     0.000
    28.000     0.200
    29.000     0.000
    30.000     0.000
    31.000     0.000
    32.000     0.100
    33.000     0.000
    34.000     0.200
    35.000     0.000
    36.000     0.200
    37.000     0.100
    38.000     0.000
    39.000     0.000
    40.000     0.200
    41.000     0.000
    42.000     0.100
    43.000     0.100
    44.000     0.000
    45.000     0.100
    46.000     0.200
    47.000     0.400
    48.000     0.000
    49.000     0.100
    50.000     0.000
    51.000     0.100
    52.000     0.100
    53.000     0.100
    54.000     0.000
    55.000     0.000
    56.000     0.000
    57.000     0.100
    58.000     0.100
    59.000     0.100
    60.000     0.300
    61.000     0.200
    62.000     0.200
    63.000     0.000
    64.000     0.300
    65.000     0.200
    66.000     0.100
    67.000     0.100
    68.000     0.100
    69.000     0.000
    70.000     0.000
    71.000     0.000
    72.000     0.100
    73.000     0.000
    74.000     0.100
    75.000     0.000
    76.000     0.100
    77.000     0.100
    78.000     0.200
    79.000     0.100
    80.000     0.000
    81.000     0.000
    82.000     0.100
    83.000     0.000
    84.000     0.000
    85.000     0.100
    86.000     0.100
    87.000     0.200
    88.000     0.000
    89.000     0.100
    90.000     0.100
    91.000     0.100
    92.000     0.000
    93.000     0.200
    94.000     0.000
    95.000     0.300
    96.000     0.100
    97.000     0.000
    98.000     0.100
    99.000     0.000
   100.000     0.000
   101.000     0.000
   102.000     0.000
   103.000     0.000
   104.000     0.000
   105.000     0.000
   106.000     0.100
   107.000     0.100
   108.000     0.000
   109.000     0.000
   110.000     0.000
   111.000     0.000
   112.000     0.000
   113.000     0.100
   114.000     0.000
   115.000     0.000
   116.000     0.000
   117.000     0.100
   118.000     0.000
   119.000     0.000
   120.000     0.100
   121.000     0.000
   122.000     0.000
   123.000     0.000
   124.000     0.000
   125.000     0.000
   126.000     0.000
   127.000     0.000
   128.000     0.100
   129.000     0.000
   130.000     0.000
   131.000     0.000
   132.000     0.000
   133.000     0.000
   134.000     0.000
   135.000     0.000
   136.000     0.000
   137.000     0.000
   138.000     0.000
   139.000     0.000
   140.000     0.000
   141.000     0.000
   142.000     0.000
   143.000     0.000
   144.000     0.000
   145.000     0.100
