         1         7
         2         2
         3         1
         4         2
         5         3
         6         4
         7         1
         8         1
         9         2
        10         4
        11         2
        12         6
        13         3
        14         1
        15         1
        16         3
        17         3
        18         1
        19         0
        20         1
        21         2
        22         1
        23         0
        24         1
        25         0
        26         0
        27         0
        28         0
        29         0
        30         0
        31         0
        32         0
        33         1
