     1.000    13.000
     2.000     2.200
     3.000     3.700
     4.000     9.000
     5.000     6.300
     6.000     5.500
     7.000     5.700
     8.000     4.200
     9.000     6.300
    10.000     7.100
    11.000     5.100
    12.000     4.500
    13.000     3.100
    14.000     2.300
    15.000     2.700
    16.000     1.900
    17.000     1.900
    18.000     1.300
    19.000     1.000
    20.000     0.900
    21.000     1.100
    22.000     0.400
    23.000     0.900
    24.000     0.300
    25.000     0.300
    26.000     0.500
    27.000     0.200
    28.000     0.400
    29.000     0.100
    30.000     0.000
    31.000     0.000
    32.000     0.100
    33.000     0.000
    34.000     0.100
    35.000     0.100
    36.000     0.000
    37.000     0.000
    38.000     0.000
    39.000     0.000
    40.000     0.100
