         1         3
         2         2
         3         0
         4         3
         5         3
         6         2
         7         1
         8         3
         9         8
        10         3
        11         6
        12         5
        13         5
        14         3
        15         2
        16         1
        17         1
        18         0
        19         1
        20         0
        21         0
        22         0
        23         1
        24         1
