         1         3
         2         0
         3         1
         4         4
         5         3
         6         1
         7         0
         8         4
         9         4
        10         6
        11         5
        12         3
        13         2
        14         5
        15         2
        16         0
        17         2
        18         0
        19         1
        20         0
        21         2
        22         1
        23         1
        24         0
        25         0
        26         1
        27         1
        28         1
