         1         5
         2         1
         3         1
         4         1
         5         3
         6         2
         7         3
         8         2
         9         3
        10         2
        11         3
        12         2
        13         4
        14         4
        15         2
        16         3
        17         4
        18         0
        19         2
        20         0
        21         0
        22         0
        23         0
        24         0
        25         0
        26         0
        27         0
        28         0
        29         0
        30         0
        31         1
        32         0
        33         0
        34         0
        35         0
        36         0
        37         0
        38         0
        39         0
        40         0
        41         0
        42         1
