         1         4
         2         1
         3         1
         4         1
         5         2
         6         3
         7         2
         8         3
         9         3
        10         2
        11         4
        12         3
        13         5
        14         0
        15         4
        16         1
        17         4
        18         1
        19         0
        20         2
        21         0
        22         1
        23         0
        24         0
        25         0
        26         0
        27         0
        28         0
        29         0
        30         0
        31         0
        32         0
        33         1
