     1.000     4.800
     2.000     0.700
     3.000     0.500
     4.000     2.300
     5.000     2.100
     6.000     2.300
     7.000     3.900
     8.000     3.500
     9.000     2.900
    10.000     3.100
    11.000     4.400
    12.000     2.700
    13.000     2.600
    14.000     2.300
    15.000     2.100
    16.000     1.700
    17.000     2.200
    18.000     1.200
    19.000     0.300
    20.000     0.600
    21.000     0.600
    22.000     0.800
    23.000     0.100
    24.000     0.200
    25.000     0.300
    26.000     0.200
    27.000     0.200
    28.000     0.000
    29.000     0.100
    30.000     0.100
    31.000     0.000
    32.000     0.000
    33.000     0.100
    34.000     0.200
