         1         3
         2         1
         3         1
         4         0
         5         2
         6         2
         7         2
         8         2
         9         6
        10         4
        11         4
        12         5
        13         3
        14         4
        15         0
        16         2
        17         0
        18         4
        19         0
        20         1
        21         0
        22         0
        23         1
        24         1
        25         2
        26         1
