     1.000     5.700
     2.000     0.400
     3.000     0.800
     4.000     1.500
     5.000     2.600
     6.000     2.800
     7.000     2.800
     8.000     4.600
     9.000     4.600
    10.000     3.700
    11.000     2.800
    12.000     2.800
    13.000     2.400
    14.000     3.900
    15.000     2.200
    16.000     1.600
    17.000     0.900
    18.000     0.800
    19.000     1.700
    20.000     1.000
    21.000     0.900
    22.000     0.400
    23.000     0.300
    24.000     0.400
    25.000     0.000
    26.000     0.200
    27.000     0.200
    28.000     0.200
    29.000     0.000
    30.000     0.100
    31.000     0.000
    32.000     0.200
