         1       232
         2        74
         3        34
         4        15
         5         6
         6         7
         7         4
         8         0
         9         3
        10         1
        11         2
        12         0
        13         0
        14         0
        15         0
        16         0
        17         0
        18         0
        19         1
        20         0
        21         0
        22         1
        23         0
        24         0
        25         0
        26         0
        27         0
        28         1
