         1        10
         2         4
         3         2
         4         3
         5         4
         6         5
         7         8
         8         4
         9         6
        10         4
        11         4
        12         2
        13         1
        14         3
        15         2
        16         1
        17         0
        18         0
        19         1
        20         0
        21         1
        22         0
        23         0
        24         1
