         1       220
         2        67
         3        34
         4         9
         5        13
         6         4
         7         2
         8         3
         9         4
        10         2
        11         2
        12         1
        13         1
        14         0
        15         0
        16         0
        17         0
        18         0
        19         0
        20         0
        21         1
        22         0
        23         0
        24         1
