         1         8
         2         1
         3         1
         4         0
         5         2
         6         3
         7         4
         8         3
         9         1
        10         5
        11         4
        12         4
        13         4
        14         2
        15         2
        16         3
        17         1
        18         0
        19         0
        20         1
        21         0
        22         1
        23         1
        24         0
        25         1
