         1         5
         2         0
         3         1
         4         1
         5         1
         6         3
         7         6
         8         6
         9         5
        10         1
        11         0
        12         3
        13         3
        14         1
        15         1
        16         3
        17         3
        18         3
        19         0
        20         1
        21         0
        22         2
        23         0
        24         0
        25         0
        26         0
        27         0
        28         0
        29         0
        30         0
        31         0
        32         0
        33         1
