     1.000   128.700
     2.000    12.800
     3.000     2.900
     4.000     2.600
     5.000     0.800
     6.000     0.600
     7.000     0.100
     8.000     0.200
     9.000     0.000
    10.000     0.000
    11.000     0.000
    12.000     0.000
    13.000     0.000
    14.000     0.000
    15.000     0.000
    16.000     0.000
    17.000     0.100
    18.000     0.000
    19.000     0.000
    20.000     0.000
    21.000     0.000
    22.000     0.000
    23.000     0.000
    24.000     0.000
    25.000     0.000
    26.000     0.000
    27.000     0.000
    28.000     0.000
    29.000     0.000
    30.000     0.000
    31.000     0.000
    32.000     0.000
    33.000     0.100
    34.000     0.000
    35.000     0.000
    36.000     0.000
    37.000     0.000
    38.000     0.000
    39.000     0.000
    40.000     0.000
    41.000     0.000
    42.000     0.000
    43.000     0.000
    44.000     0.000
    45.000     0.000
    46.000     0.000
    47.000     0.200
    48.000     0.000
    49.000     0.100
    50.000     0.000
    51.000     0.000
    52.000     0.000
    53.000     0.000
    54.000     0.000
    55.000     0.100
    56.000     0.000
    57.000     0.100
    58.000     0.000
    59.000     0.100
    60.000     0.000
    61.000     0.000
    62.000     0.000
    63.000     0.000
    64.000     0.100
    65.000     0.000
    66.000     0.000
    67.000     0.100
    68.000     0.000
    69.000     0.100
    70.000     0.100
    71.000     0.100
    72.000     0.000
    73.000     0.000
    74.000     0.000
    75.000     0.000
    76.000     0.200
    77.000     0.000
    78.000     0.000
    79.000     0.000
    80.000     0.000
    81.000     0.000
    82.000     0.000
    83.000     0.100
    84.000     0.000
    85.000     0.000
    86.000     0.000
    87.000     0.000
    88.000     0.000
    89.000     0.000
    90.000     0.000
    91.000     0.000
    92.000     0.000
    93.000     0.100
    94.000     0.000
    95.000     0.000
    96.000     0.100
    97.000     0.000
    98.000     0.000
    99.000     0.000
   100.000     0.000
   101.000     0.000
   102.000     0.000
   103.000     0.000
   104.000     0.000
   105.000     0.000
   106.000     0.000
   107.000     0.000
   108.000     0.000
   109.000     0.000
   110.000     0.100
   111.000     0.000
   112.000     0.000
   113.000     0.000
   114.000     0.000
   115.000     0.000
   116.000     0.100
   117.000     0.100
   118.000     0.100
   119.000     0.000
   120.000     0.000
   121.000     0.100
   122.000     0.000
   123.000     0.200
   124.000     0.000
   125.000     0.000
   126.000     0.100
   127.000     0.100
   128.000     0.000
   129.000     0.000
   130.000     0.000
   131.000     0.000
   132.000     0.000
   133.000     0.000
   134.000     0.000
   135.000     0.000
   136.000     0.100
   137.000     0.000
   138.000     0.100
   139.000     0.000
   140.000     0.100
   141.000     0.000
   142.000     0.100
   143.000     0.000
   144.000     0.100
   145.000     0.000
   146.000     0.000
   147.000     0.000
   148.000     0.000
   149.000     0.100
   150.000     0.000
   151.000     0.100
   152.000     0.100
   153.000     0.000
   154.000     0.000
   155.000     0.000
   156.000     0.000
   157.000     0.000
   158.000     0.000
   159.000     0.000
   160.000     0.000
   161.000     0.000
   162.000     0.000
   163.000     0.000
   164.000     0.000
   165.000     0.000
   166.000     0.000
   167.000     0.000
   168.000     0.000
   169.000     0.000
   170.000     0.000
   171.000     0.000
   172.000     0.000
   173.000     0.000
   174.000     0.000
   175.000     0.000
   176.000     0.000
   177.000     0.000
   178.000     0.000
   179.000     0.000
   180.000     0.000
   181.000     0.100
   182.000     0.000
   183.000     0.000
   184.000     0.000
   185.000     0.000
   186.000     0.000
   187.000     0.100
   188.000     0.000
   189.000     0.000
   190.000     0.000
   191.000     0.000
   192.000     0.000
   193.000     0.000
   194.000     0.000
   195.000     0.000
   196.000     0.000
   197.000     0.000
   198.000     0.200
   199.000     0.000
   200.000     0.000
   201.000     0.000
   202.000     0.000
   203.000     0.000
   204.000     0.000
   205.000     0.000
   206.000     0.000
   207.000     0.000
   208.000     0.000
   209.000     0.000
   210.000     0.000
   211.000     0.000
   212.000     0.000
   213.000     0.000
   214.000     0.000
   215.000     0.000
   216.000     0.000
   217.000     0.000
   218.000     0.000
   219.000     0.000
   220.000     0.000
   221.000     0.100
   222.000     0.000
   223.000     0.000
   224.000     0.000
   225.000     0.000
   226.000     0.000
   227.000     0.000
   228.000     0.100
   229.000     0.100
   230.000     0.000
   231.000     0.000
   232.000     0.000
   233.000     0.000
   234.000     0.000
   235.000     0.000
   236.000     0.000
   237.000     0.000
   238.000     0.000
   239.000     0.000
   240.000     0.000
   241.000     0.000
   242.000     0.000
   243.000     0.000
   244.000     0.000
   245.000     0.000
   246.000     0.000
   247.000     0.000
   248.000     0.000
   249.000     0.000
   250.000     0.000
   251.000     0.000
   252.000     0.000
   253.000     0.000
   254.000     0.000
   255.000     0.100
   256.000     0.000
   257.000     0.000
   258.000     0.000
   259.000     0.000
   260.000     0.000
   261.000     0.000
   262.000     0.000
   263.000     0.000
   264.000     0.000
   265.000     0.000
   266.000     0.000
   267.000     0.000
   268.000     0.000
   269.000     0.000
   270.000     0.000
   271.000     0.000
   272.000     0.100
   273.000     0.000
   274.000     0.000
   275.000     0.000
   276.000     0.000
   277.000     0.000
   278.000     0.000
   279.000     0.000
   280.000     0.000
   281.000     0.000
   282.000     0.000
   283.000     0.000
   284.000     0.000
   285.000     0.000
   286.000     0.000
   287.000     0.000
   288.000     0.000
   289.000     0.000
   290.000     0.000
   291.000     0.000
   292.000     0.000
   293.000     0.000
   294.000     0.000
   295.000     0.000
   296.000     0.100
