         1         6
         2         1
         3         1
         4         2
         5         3
         6         5
         7         1
         8         6
         9         5
        10         2
        11         4
        12         0
        13         4
        14         3
        15         2
        16         3
        17         0
        18         2
        19         2
        20         0
        21         0
        22         0
        23         0
        24         0
        25         0
        26         1
