         1         9
         2         4
         3         6
         4         3
         5         5
         6         7
         7        11
         8         4
         9         3
        10         5
        11         3
        12         1
        13         2
        14         2
        15         0
        16         1
        17         0
        18         1
        19         1
        20         0
        21         0
        22         0
        23         1
        24         0
        25         1
