     1.000   220.500
     2.000    79.100
     3.000    28.900
     4.000    20.100
     5.000     8.300
     6.000     5.500
     7.000     3.900
     8.000     2.000
     9.000     2.700
    10.000     1.600
    11.000     0.600
    12.000     0.700
    13.000     1.100
    14.000     0.400
    15.000     0.200
    16.000     0.300
    17.000     0.200
    18.000     0.200
    19.000     0.300
    20.000     0.000
    21.000     0.000
    22.000     0.000
    23.000     0.000
    24.000     0.000
    25.000     0.000
    26.000     0.000
    27.000     0.000
    28.000     0.000
    29.000     0.000
    30.000     0.000
    31.000     0.000
    32.000     0.000
    33.000     0.000
    34.000     0.000
    35.000     0.000
    36.000     0.000
    37.000     0.000
    38.000     0.100
