         1         6
         2         1
         3         3
         4         3
         5         0
         6         3
         7         2
         8         4
         9         1
        10         4
        11         4
        12         1
        13         2
        14         2
        15         8
        16         3
        17         1
        18         1
        19         1
        20         1
        21         0
        22         1
        23         0
        24         1
