         1         8
         2         0
         3         0
         4         4
         5         3
         6         2
         7         2
         8         1
         9         4
        10         3
        11         2
        12         3
        13         7
        14         1
        15         1
        16         1
        17         1
        18         0
        19         2
        20         1
        21         2
        22         0
        23         0
        24         0
        25         0
        26         1
        27         0
        28         0
        29         0
        30         0
        31         0
        32         0
        33         0
        34         1
