         1         5
         2         0
         3         1
         4         0
         5         0
         6         0
         7         1
         8         1
         9         1
        10         1
        11         0
        12         1
        13         0
        14         0
        15         0
        16         0
        17         1
        18         0
        19         2
        20         1
        21         2
        22         1
        23         0
        24         0
        25         2
        26         1
        27         1
        28         0
        29         0
        30         0
        31         0
        32         0
        33         1
        34         1
        35         1
        36         0
        37         0
        38         0
        39         0
        40         0
        41         0
        42         0
        43         1
        44         0
        45         1
        46         0
        47         0
        48         0
        49         1
        50         1
        51         0
        52         0
        53         1
        54         1
        55         0
        56         0
        57         0
        58         1
        59         0
        60         0
        61         0
        62         0
        63         0
        64         0
        65         0
        66         0
        67         0
        68         0
        69         1
