         1         7
         2         0
         3         1
         4         3
         5         4
         6         3
         7         3
         8         1
         9         1
        10         5
        11         3
        12         1
        13         1
        14         4
        15         1
        16         4
        17         1
        18         1
        19         0
        20         0
        21         1
        22         0
        23         3
        24         1
        25         2
        26         0
        27         0
        28         0
        29         0
        30         1
