         1         6
         2         1
         3         0
         4         2
         5         2
         6         1
         7         1
         8         2
         9         5
        10         4
        11         4
        12         1
        13         2
        14         7
        15         2
        16         1
        17         0
        18         1
        19         1
        20         0
        21         1
        22         1
        23         0
        24         1
        25         0
        26         0
        27         0
        28         0
        29         0
        30         1
