         1        11
         2         1
         3         2
         4         3
         5         3
         6         7
         7         8
         8         4
         9         3
        10         4
        11         5
        12         2
        13         2
        14         3
        15         1
        16         0
        17         2
        18         0
        19         1
        20         2
        21         0
        22         0
        23         0
        24         0
        25         0
        26         0
        27         1
