     1.000    28.500
     2.000     3.100
     3.000     0.800
     4.000     0.900
     5.000     0.200
     6.000     0.000
     7.000     0.100
     8.000     0.000
     9.000     0.000
    10.000     0.100
    11.000     0.000
    12.000     0.000
    13.000     0.200
    14.000     0.000
    15.000     0.000
    16.000     0.000
    17.000     0.100
    18.000     0.000
    19.000     0.000
    20.000     0.200
    21.000     0.100
    22.000     0.200
    23.000     0.300
    24.000     0.300
    25.000     0.300
    26.000     0.000
    27.000     0.300
    28.000     0.300
    29.000     0.100
    30.000     0.000
    31.000     0.100
    32.000     0.100
    33.000     0.000
    34.000     0.200
    35.000     0.300
    36.000     0.000
    37.000     0.300
    38.000     0.200
    39.000     0.700
    40.000     0.800
    41.000     0.100
    42.000     0.600
    43.000     0.000
    44.000     0.000
    45.000     0.300
    46.000     0.100
    47.000     0.600
    48.000     0.300
    49.000     0.000
    50.000     0.300
    51.000     0.100
    52.000     0.200
    53.000     0.400
    54.000     0.300
    55.000     0.300
    56.000     0.000
    57.000     0.100
    58.000     0.300
    59.000     0.200
    60.000     0.100
    61.000     0.200
    62.000     0.100
    63.000     0.100
    64.000     0.100
    65.000     0.400
    66.000     0.500
    67.000     0.100
    68.000     0.200
    69.000     0.300
    70.000     0.200
    71.000     0.300
    72.000     0.000
    73.000     0.000
    74.000     0.000
    75.000     0.100
    76.000     0.100
    77.000     0.300
    78.000     0.000
    79.000     0.100
    80.000     0.100
    81.000     0.100
    82.000     0.000
    83.000     0.200
    84.000     0.100
    85.000     0.000
    86.000     0.000
    87.000     0.000
    88.000     0.000
    89.000     0.100
    90.000     0.000
    91.000     0.000
    92.000     0.200
    93.000     0.000
    94.000     0.000
    95.000     0.000
    96.000     0.100
    97.000     0.000
    98.000     0.000
    99.000     0.100
   100.000     0.100
   101.000     0.200
   102.000     0.000
   103.000     0.000
   104.000     0.000
   105.000     0.000
   106.000     0.200
   107.000     0.000
   108.000     0.000
   109.000     0.000
   110.000     0.100
   111.000     0.000
   112.000     0.000
   113.000     0.000
   114.000     0.000
   115.000     0.000
   116.000     0.000
   117.000     0.100
   118.000     0.000
   119.000     0.000
   120.000     0.000
   121.000     0.000
   122.000     0.000
   123.000     0.000
   124.000     0.000
   125.000     0.100
   126.000     0.000
   127.000     0.000
   128.000     0.000
   129.000     0.000
   130.000     0.000
   131.000     0.000
   132.000     0.000
   133.000     0.000
   134.000     0.100
   135.000     0.000
   136.000     0.100
