     1.000     1.600
     2.000     0.000
     3.000     0.000
     4.000     0.000
     5.000     0.100
     6.000     0.200
     7.000     0.200
     8.000     0.200
     9.000     0.200
    10.000     0.100
    11.000     0.200
    12.000     0.200
    13.000     0.000
    14.000     0.000
    15.000     0.000
    16.000     0.100
    17.000     0.300
    18.000     0.200
    19.000     0.200
    20.000     0.100
    21.000     0.200
    22.000     0.600
    23.000     0.200
    24.000     0.300
    25.000     0.400
    26.000     0.000
    27.000     0.100
    28.000     0.300
    29.000     0.000
    30.000     0.100
    31.000     0.200
    32.000     0.100
    33.000     0.400
    34.000     0.000
    35.000     0.200
    36.000     0.200
    37.000     0.100
    38.000     0.100
    39.000     0.200
    40.000     0.200
    41.000     0.200
    42.000     0.000
    43.000     0.100
    44.000     0.100
    45.000     0.100
    46.000     0.100
    47.000     0.200
    48.000     0.000
    49.000     0.100
    50.000     0.000
    51.000     0.100
    52.000     0.100
    53.000     0.100
    54.000     0.100
    55.000     0.200
    56.000     0.100
    57.000     0.200
    58.000     0.100
    59.000     0.100
    60.000     0.100
    61.000     0.100
    62.000     0.000
    63.000     0.000
    64.000     0.200
    65.000     0.000
    66.000     0.100
    67.000     0.100
    68.000     0.200
    69.000     0.000
    70.000     0.200
    71.000     0.000
    72.000     0.100
    73.000     0.000
    74.000     0.100
    75.000     0.000
    76.000     0.100
    77.000     0.000
    78.000     0.000
    79.000     0.000
    80.000     0.000
    81.000     0.200
    82.000     0.000
    83.000     0.000
    84.000     0.000
    85.000     0.000
    86.000     0.000
    87.000     0.000
    88.000     0.000
    89.000     0.000
    90.000     0.200
    91.000     0.000
    92.000     0.000
    93.000     0.000
    94.000     0.000
    95.000     0.200
    96.000     0.100
    97.000     0.100
    98.000     0.100
    99.000     0.100
   100.000     0.200
   101.000     0.000
   102.000     0.000
   103.000     0.100
   104.000     0.000
   105.000     0.000
   106.000     0.000
   107.000     0.100
   108.000     0.000
   109.000     0.000
   110.000     0.000
   111.000     0.000
   112.000     0.100
   113.000     0.000
   114.000     0.000
   115.000     0.000
   116.000     0.000
   117.000     0.100
   118.000     0.000
   119.000     0.100
   120.000     0.000
   121.000     0.100
   122.000     0.200
   123.000     0.000
   124.000     0.000
   125.000     0.000
   126.000     0.000
   127.000     0.000
   128.000     0.000
   129.000     0.100
   130.000     0.000
   131.000     0.000
   132.000     0.000
   133.000     0.200
   134.000     0.000
   135.000     0.000
   136.000     0.100
   137.000     0.000
   138.000     0.000
   139.000     0.100
   140.000     0.000
   141.000     0.000
   142.000     0.000
   143.000     0.000
   144.000     0.000
   145.000     0.000
   146.000     0.000
   147.000     0.000
   148.000     0.000
   149.000     0.000
   150.000     0.100
   151.000     0.000
   152.000     0.000
   153.000     0.000
   154.000     0.000
   155.000     0.000
   156.000     0.000
   157.000     0.000
   158.000     0.000
   159.000     0.000
   160.000     0.000
   161.000     0.000
   162.000     0.000
   163.000     0.000
   164.000     0.000
   165.000     0.000
   166.000     0.000
   167.000     0.000
   168.000     0.000
   169.000     0.000
   170.000     0.000
   171.000     0.000
   172.000     0.000
   173.000     0.000
   174.000     0.000
   175.000     0.000
   176.000     0.000
   177.000     0.000
   178.000     0.000
   179.000     0.000
   180.000     0.000
   181.000     0.000
   182.000     0.000
   183.000     0.000
   184.000     0.000
   185.000     0.000
   186.000     0.000
   187.000     0.000
   188.000     0.000
   189.000     0.000
   190.000     0.000
   191.000     0.000
   192.000     0.000
   193.000     0.000
   194.000     0.000
   195.000     0.000
   196.000     0.000
   197.000     0.000
   198.000     0.000
   199.000     0.000
   200.000     0.000
   201.000     0.000
   202.000     0.000
   203.000     0.000
   204.000     0.000
   205.000     0.000
   206.000     0.000
   207.000     0.000
   208.000     0.000
   209.000     0.000
   210.000     0.000
   211.000     0.000
   212.000     0.000
   213.000     0.000
   214.000     0.000
   215.000     0.000
   216.000     0.000
   217.000     0.000
   218.000     0.100
   219.000     0.000
   220.000     0.000
   221.000     0.000
   222.000     0.000
   223.000     0.000
   224.000     0.000
   225.000     0.000
   226.000     0.000
   227.000     0.000
   228.000     0.000
   229.000     0.000
   230.000     0.000
   231.000     0.000
   232.000     0.000
   233.000     0.000
   234.000     0.000
   235.000     0.000
   236.000     0.000
   237.000     0.000
   238.000     0.000
   239.000     0.000
   240.000     0.000
   241.000     0.000
   242.000     0.000
   243.000     0.000
   244.000     0.000
   245.000     0.000
   246.000     0.000
   247.000     0.000
   248.000     0.000
   249.000     0.100
