         1         3
         2         3
         3         1
         4         1
         5         0
         6         6
         7         6
         8         2
         9         1
        10         2
        11         3
        12         5
        13         3
        14         1
        15         1
        16         2
        17         1
        18         2
        19         1
        20         3
        21         2
        22         0
        23         0
        24         0
        25         0
        26         0
        27         0
        28         1
