     1.000     6.000
     2.000     0.800
     3.000     1.200
     4.000     1.800
     5.000     2.500
     6.000     2.500
     7.000     3.000
     8.000     4.100
     9.000     3.300
    10.000     2.800
    11.000     3.600
    12.000     2.200
    13.000     2.800
    14.000     2.700
    15.000     1.800
    16.000     2.000
    17.000     0.800
    18.000     2.000
    19.000     1.200
    20.000     0.700
    21.000     0.200
    22.000     0.300
    23.000     0.700
    24.000     0.400
    25.000     0.600
    26.000     0.400
    27.000     0.000
    28.000     0.200
    29.000     0.100
    30.000     0.200
    31.000     0.100
    32.000     0.100
