         1         2
         2         1
         3         1
         4         0
         5         3
         6         5
         7         2
         8         6
         9         3
        10         4
        11         2
        12         2
        13         4
        14         5
        15         2
        16         3
        17         1
        18         0
        19         1
        20         2
        21         0
        22         1
        23         1
        24         0
        25         0
        26         1
