         1         5
         2         0
         3         4
         4         5
         5         4
         6         8
         7         3
         8         8
         9         7
        10         4
        11         2
        12         3
        13         4
        14         1
        15         2
        16         2
        17         0
        18         1
        19         1
        20         0
        21         0
        22         0
        23         0
        24         0
        25         0
        26         1
