         1         6
         2         0
         3         0
         4         1
         5         2
         6         3
         7         4
         8         4
         9         3
        10         2
        11         5
        12         6
        13         1
        14         4
        15         4
        16         1
        17         1
        18         1
        19         1
        20         0
        21         0
        22         0
        23         0
        24         0
        25         0
        26         0
        27         0
        28         0
        29         1
