         1         8
         2         3
         3         1
         4         9
         5         8
         6         6
         7        10
         8         3
         9        15
        10        11
        11         2
        12         6
        13         2
        14         3
        15         2
        16         0
        17         0
        18         1
        19         1
        20         1
        21         0
        22         0
        23         0
        24         0
        25         1
        26         0
        27         0
        28         0
        29         1
