         1        32
         2         3
         3         0
         4         2
         5         0
         6         0
         7         0
         8         0
         9         0
        10         0
        11         0
        12         0
        13         1
        14         0
        15         0
        16         0
        17         0
        18         0
        19         0
        20         1
        21         0
        22         0
        23         0
        24         0
        25         0
        26         0
        27         0
        28         0
        29         0
        30         0
        31         0
        32         0
        33         0
        34         0
        35         0
        36         0
        37         0
        38         0
        39         1
        40         1
        41         0
        42         1
        43         0
        44         0
        45         0
        46         0
        47         1
        48         0
        49         0
        50         0
        51         0
        52         1
        53         0
        54         1
        55         1
        56         0
        57         0
        58         0
        59         0
        60         1
        61         0
        62         0
        63         1
        64         0
        65         2
        66         1
        67         0
        68         2
        69         1
