     1.000   227.100
     2.000    76.900
     3.000    33.600
     4.000    16.900
     5.000     7.900
     6.000     6.300
     7.000     3.500
     8.000     1.300
     9.000     1.500
    10.000     1.900
    11.000     1.000
    12.000     0.300
    13.000     1.000
    14.000     0.200
    15.000     0.100
    16.000     0.000
    17.000     0.200
    18.000     0.200
    19.000     0.200
    20.000     0.000
    21.000     0.100
    22.000     0.200
    23.000     0.100
    24.000     0.000
    25.000     0.000
    26.000     0.000
    27.000     0.000
    28.000     0.100
