         1         6
         2         1
         3         1
         4         6
         5         2
         6         1
         7         7
         8         2
         9         3
        10         4
        11         2
        12         0
        13         5
        14         2
        15         1
        16         2
        17         2
        18         3
        19         0
        20         1
        21         0
        22         0
        23         1
        24         1
