                   1              110082
                   2              115990
                   3              121884
                   4              261154
                   5              290315
                   6              320188
                   7              356217
                   8              460212
                   9              476400
                  10              515036
                  11              573996
                  12              616491
                  13              733559
                  14             1133886
                  15             1421683
                  16             1430909
                  17             1439751
                  18             1448666
                  19             1795996
                  20             1848328
                  21             1884153
                  22             1934930
                  23             2001839
                  24             2255844
                  25             4166784
                  26             5111136
                  27             5361008
                  28             5370161
                  29             5651294
                  30             5917618
                  31             5961200
                  32             6200474
                  33             6488047
                  34             6859743
                  35             7148354
                  36             7847854
                  37             7864440
                  38             8129620
                  39             8347733
                  40             8356769
                  41             8365921
                  42             8375066
                  43             8383835
                  44             8922864
                  45             8966304
                  46             9207664
                  47             9484908
                  48             9545957
                  49             9589465
                  50             9825253
