                   1                5908
                   2                5894
                   3              139270
                   4               29161
                   5               29873
                   6               36029
                   7              103995
                   8               16188
                   9               38636
                  10               58960
                  11               42495
                  12              117068
                  13              400327
                  14              287797
                  15                9226
                  16                8842
                  17                8915
                  18              347330
                  19               52332
                  20               35825
                  21               50777
                  22               66909
                  23              254005
                  24             1910940
                  25              944352
                  26              249872
                  27                9153
                  28              281133
                  29              266324
                  30               43582
                  31              239274
                  32              287573
                  33              371696
                  34              288611
                  35              699500
                  36               16586
                  37              265180
                  38              218113
                  39                9036
                  40                9152
                  41                9145
                  42                8769
                  43              539029
                  44               43440
                  45              241360
                  46              277244
                  47               61049
                  48               43508
                  49              235788
