         1         5
         2         0
         3         1
         4         1
         5         3
         6         3
         7         5
         8         4
         9         5
        10         1
        11         3
        12         3
        13         1
        14         3
        15         3
        16         1
        17         2
        18         1
        19         0
        20         1
        21         0
        22         0
        23         0
        24         0
        25         1
        26         2
        27         0
        28         0
        29         0
        30         1
        31         0
        32         1
