         1         0
         4        14
         7        15
        10        21
        13        20
        16        22
        19        25
        22        41
        25        39
        28        38
        31        40
        34        42
        37        41
        40        42
        43        43
        46        46
        49        42
        52        41
        55        43
        58        44
        61        43
        64        43
        67        40
        70        40
