         1         0
         4        82
         7        76
        10        63
        13        56
        16        54
        19        50
        22        46
        25        46
        28        46
        31        42
        34        42
        37        41
        40        40
        43        39
        46        38
        49        38
        52        37
        55        38
        58        37
        61        38
        64        36
        67        35
        70        34
