         1         0
         4        21
         7        14
        10        11
        13        13
        16         6
        19         4
        22         8
        25         9
        28         3
        31         3
        34         6
        37         3
        40         7
        43         5
        46         4
        49         9
        52         6
        55         5
        58         7
        61         8
        64         5
        67         3
        70         3
