         1        16
         2         5
         3         1
         4        11
         5         4
         6         5
         7         1
         8         4
         9         4
        10         9
        11         3
        12         3
        13         5
        14         3
        15         3
        16         2
        17         2
        18         0
        19         2
        20         2
        21         2
        22         1
        23         1
        24         0
        25         0
        26         0
        27         0
        28         1
        29         0
        30         0
        31         0
        32         0
        33         0
        34         0
        35         0
        36         0
        37         0
        38         0
        39         0
        40         1
