         1         9
         2         3
         3         0
         4         3
         5         0
         6         2
         7         5
         8         6
         9         3
        10         2
        11         1
        12         3
        13         3
        14         3
        15         1
        16         3
        17         1
        18         0
        19         4
        20         0
        21         0
        22         0
        23         1
        24         1
