     1.000   219.500
     2.000    77.700
     3.000    32.500
     4.000    14.300
     5.000     8.600
     6.000     6.300
     7.000     4.100
     8.000     2.700
     9.000     2.100
    10.000     1.200
    11.000     1.300
    12.000     1.000
    13.000     0.400
    14.000     0.300
    15.000     0.100
    16.000     0.200
    17.000     0.300
    18.000     0.000
    19.000     0.000
    20.000     0.000
    21.000     0.100
    22.000     0.000
    23.000     0.100
    24.000     0.000
    25.000     0.100
