         1       213
         2        76
         3        36
         4        14
         5         7
         6        10
         7         4
         8         2
         9         3
        10         3
        11         1
        12         0
        13         0
        14         0
        15         0
        16         0
        17         1
        18         0
        19         0
        20         0
        21         0
        22         0
        23         1
        24         0
        25         1
