     1.000     8.100
     2.000     1.500
     3.000     3.800
     4.000     4.400
     5.000     4.300
     6.000     6.500
     7.000     6.700
     8.000     4.500
     9.000     5.600
    10.000     5.400
    11.000     3.600
    12.000     2.100
    13.000     2.400
    14.000     2.500
    15.000     1.000
    16.000     0.900
    17.000     0.500
    18.000     0.300
    19.000     0.500
    20.000     0.300
    21.000     0.400
    22.000     0.000
    23.000     0.200
    24.000     0.200
    25.000     0.200
    26.000     0.100
    27.000     0.100
    28.000     0.100
