         1         5
         2         0
         3         3
         4         8
         5         3
         6         9
         7         8
         8         5
         9         9
        10         7
        11         6
        12         1
        13         0
        14         0
        15         1
        16         0
        17         0
        18         0
        19         0
        20         0
        21         1
        22         0
        23         0
        24         1
