         1       217
         2        85
         3        30
         4        14
         5         8
         6         5
         7         1
         8         4
         9         1
        10         2
        11         0
        12         0
        13         0
        14         0
        15         0
        16         0
        17         1
        18         0
        19         0
        20         0
        21         1
        22         0
        23         0
        24         0
        25         0
        26         0
        27         1
