         1         8
         2         2
         3         3
         4         5
         5         7
         6         6
         7         8
         8         1
         9         3
        10         3
        11         2
        12         5
        13         4
        14         3
        15         2
        16         0
        17         0
        18         1
        19         0
        20         0
        21         1
        22         0
        23         0
        24         0
        25         0
        26         0
        27         0
        28         1
