         1         6
         2         0
         3         0
         4         3
         5         1
         6         1
         7         7
         8         2
         9         3
        10         3
        11         7
        12         2
        13         3
        14         3
        15         1
        16         2
        17         1
        18         0
        19         0
        20         1
        21         1
        22         1
        23         1
        24         0
        25         1
        26         0
        27         0
        28         0
        29         0
        30         0
        31         0
        32         0
        33         0
        34         0
        35         0
        36         0
        37         1
        38         0
        39         0
        40         0
        41         1
