         1         7
         2         1
         3         0
         4         2
         5         1
         6         3
         7         2
         8         4
         9         6
        10         6
        11         4
        12         3
        13         4
        14         1
        15         0
        16         2
        17         2
        18         0
        19         0
        20         0
        21         0
        22         0
        23         0
        24         0
        25         1
        26         0
        27         0
        28         1
        29         0
        30         0
        31         0
        32         0
        33         0
        34         0
        35         1
